0.000997304916381836 0.0009968280792236328 101
0.0009982585906982422 0.0009965896606445312 111
0.000997304916381836 0.0019960403442382812 121
0.0009970664978027344 0.0009984970092773438 131
0.0009968280792236328 0.0019943714141845703 141
0.0009970664978027344 0.0029926300048828125 151
0.0009975433349609375 0.002992868423461914 161
0.0009961128234863281 0.001995086669921875 171
0.001995086669921875 0.0019953250885009766 181
0.0019943714141845703 0.0029926300048828125 191
0.0019943714141845703 0.001993894577026367 201
0.0019948482513427734 0.001995086669921875 211
0.0019941329956054688 0.0029921531677246094 221
0.002991914749145508 0.0029921531677246094 231
0.010970592498779297 0.002992868423461914 241
0.0029914379119873047 0.003989219665527344 251
0.002991914749145508 0.002994060516357422 261
0.003989458084106445 0.003989458084106445 271
0.004987001419067383 0.003988981246948242 281
0.003989219665527344 0.004986286163330078 291
0.011968135833740234 0.0059833526611328125 301
0.004986763000488281 0.00498652458190918 311
0.005982637405395508 0.005983829498291016 321
0.009973526000976562 0.004987001419067383 331
0.0059833526611328125 0.006982088088989258 341
0.012964725494384766 0.014960289001464844 351
0.008976221084594727 0.00797891616821289 361
0.006981372833251953 0.009973526000976562 371
0.007978439331054688 0.007978677749633789 381
0.009973287582397461 0.012965917587280273 391
0.011967897415161133 0.008976221084594727 401
0.01695537567138672 0.01196742057800293 411
0.012965917587280273 0.011968851089477539 421
0.011968135833740234 0.010970592498779297 431
0.014757633209228516 0.014829158782958984 441
0.01695418357849121 0.016954660415649414 451
0.015959978103637695 0.017951488494873047 461
0.016954660415649414 0.017951011657714844 471
0.018951416015625 0.0169527530670166 481
0.014960050582885742 0.024933576583862305 491
0.017951011657714844 0.01595759391784668 501
0.01595759391784668 0.01595783233642578 511
0.015956640243530273 0.016955137252807617 521
0.016954660415649414 0.016954660415649414 531
0.018949508666992188 0.025931119918823242 541
0.020944595336914062 0.01894974708557129 551
0.018949270248413086 0.01795220375061035 561
0.019947052001953125 0.018949508666992188 571
0.02094411849975586 0.019947052001953125 581
0.02094435691833496 0.02094411849975586 591
0.0219419002532959 0.021941423416137695 601
0.022938251495361328 0.021941184997558594 611
0.022938251495361328 0.026928424835205078 621
0.025929927825927734 0.030918359756469727 631
0.024933576583862305 0.0249330997467041 641
0.028922319412231445 0.029923439025878906 651
0.04288530349731445 0.030916213989257812 661
0.03490734100341797 0.028922080993652344 671
0.05585145950317383 0.04288530349731445 681
0.029920578002929688 0.029919147491455078 691
0.039891719818115234 0.03490734100341797 701
0.03690147399902344 0.031914710998535156 711
0.040891408920288086 0.04886913299560547 721
0.04188871383666992 0.05385565757751465 731
0.03690004348754883 0.03291177749633789 741
0.04188704490661621 0.03690171241760254 751
0.04089093208312988 0.038895606994628906 761
0.03889656066894531 0.038895606994628906 771
0.03989219665527344 0.04188799858093262 781
0.04638409614562988 0.03989243507385254 791
0.07978677749633789 0.05186057090759277 801
0.04188871383666992 0.05679893493652344 811
0.05086398124694824 0.04288530349731445 821
0.05086398124694824 0.047872066497802734 831
0.04687213897705078 0.0491330623626709 841
0.054853200912475586 0.04487943649291992 851
0.04787158966064453 0.050864219665527344 861
0.0521395206451416 0.049866676330566406 871
0.05186033248901367 0.049866676330566406 881
0.06682157516479492 0.05285930633544922 891
0.06382989883422852 0.05385541915893555 901
0.05684781074523926 0.061835527420043945 911
0.06283211708068848 0.057103633880615234 921
0.057845354080200195 0.07579779624938965 931
0.06981277465820312 0.05884289741516113 941
0.06183457374572754 0.061835289001464844 951
0.06011319160461426 0.06283235549926758 961
0.08876228332519531 0.06781911849975586 971
0.08676695823669434 0.0660860538482666 981
0.06981348991394043 0.06382966041564941 991
0.06682085990905762 0.06582498550415039 1001
