0.0 0.0 1
0.0 0.0 11
0.0 0.0009975433349609375 21
0.0 0.0 31
0.0009970664978027344 0.0009975433349609375 41
0.0009965896606445312 0.0009968280792236328 51
0.0019948482513427734 0.001995086669921875 61
0.003990650177001953 0.001993417739868164 71
0.0029921531677246094 0.002991914749145508 81
0.00299072265625 0.004988193511962891 91
0.004987239837646484 0.003988027572631836 101
0.00498509407043457 0.00598454475402832 111
0.00598454475402832 0.006979703903198242 121
0.007978439331054688 0.008977651596069336 131
0.008976221084594727 0.00997304916381836 141
0.011967897415161133 0.011966466903686523 151
0.01396322250366211 0.012964248657226562 161
0.015955686569213867 0.01396322250366211 171
0.01695418357849121 0.01695418357849121 181
0.018949508666992188 0.018949270248413086 191
0.022938013076782227 0.020943641662597656 201
0.028922557830810547 0.024933338165283203 211
0.027924537658691406 0.027925491333007812 221
0.030916929244995117 0.02991962432861328 231
0.03390908241271973 0.03390932083129883 241
0.03789782524108887 0.039893388748168945 251
0.04288482666015625 0.04488062858581543 261
0.04787158966064453 0.05385780334472656 271
0.05285835266113281 0.05385541915893555 281
0.06283092498779297 0.06382989883422852 291
0.06781816482543945 0.06582355499267578 301
0.06881499290466309 0.07081151008605957 311
0.08377575874328613 0.0747995376586914 321
0.0857696533203125 0.08976030349731445 331
0.09873723983764648 0.09275054931640625 341
0.09773826599121094 0.13962697982788086 351
0.12366771697998047 0.10571813583374023 361
0.11569046974182129 0.11569380760192871 371
0.11967992782592773 0.11757183074951172 381
0.1655592918395996 0.1545884609222412 391
0.16755151748657227 0.15045857429504395 401
0.1625652313232422 0.17355608940124512 411
0.1595771312713623 0.16156840324401855 421
0.17253828048706055 0.18151593208312988 431
0.1934957504272461 0.17752552032470703 441
0.1940474510192871 0.1984691619873047 451
0.21841740608215332 0.21144723892211914 461
0.21412992477416992 0.22410321235656738 471
0.22440004348754883 0.22838973999023438 481
0.23537039756774902 0.24196624755859375 491
0.25232625007629395 0.25582289695739746 501
0.2656731605529785 0.2668185234069824 511
0.2792532444000244 0.28324294090270996 521
0.31364893913269043 0.30970072746276855 531
0.315157413482666 0.31914710998535156 541
0.3401331901550293 0.3263881206512451 551
0.34707188606262207 0.34159350395202637 561
0.367825984954834 0.3700108528137207 571
0.39278364181518555 0.3954789638519287 581
0.40491747856140137 0.40092897415161133 591
0.42386722564697266 0.42087554931640625 601
0.43715596199035645 0.43782949447631836 611
0.46080899238586426 0.466752290725708 621
0.49223971366882324 0.5011675357818604 631
0.5087859630584717 0.5028455257415771 641
0.5430543422698975 0.5328316688537598 651
0.5465385913848877 0.5510880947113037 661
0.5939664840698242 0.5575807094573975 671
0.5994143486022949 0.5980515480041504 681
0.6288831233978271 0.6373002529144287 691
0.6702086925506592 0.6358067989349365 701
0.6717119216918945 0.6981675624847412 711
0.6931471824645996 0.694185733795166 721
0.759671688079834 0.7308254241943359 731
0.7583169937133789 0.7460088729858398 741
0.7868988513946533 0.7995798587799072 751
0.8128929138183594 0.8253040313720703 761
0.8761835098266602 0.8383169174194336 771
0.8816466331481934 0.871659517288208 781
0.9400036334991455 0.9125640392303467 791
0.9730141162872314 0.9579808712005615 801
0.9624276161193848 0.9908840656280518 811
1.0090141296386719 1.037529468536377 821
1.0492308139801025 1.0590827465057373 831
1.0792059898376465 1.1195447444915771 841
1.1594274044036865 1.1167898178100586 851
1.1690771579742432 1.1984171867370605 861
1.2065143585205078 1.1928207874298096 871
1.2312629222869873 1.223280429840088 881
1.3309576511383057 1.2901616096496582 891
1.3123548030853271 1.4044997692108154 901
1.3659143447875977 1.361299991607666 911
1.3959012031555176 1.4092369079589844 921
1.4945623874664307 1.4490869045257568 931
1.4903197288513184 1.5143766403198242 941
1.5464763641357422 1.5388717651367188 951
1.5907456874847412 1.5960707664489746 961
1.6669647693634033 1.6301517486572266 971
1.6835668087005615 1.667351245880127 981
1.7519047260284424 1.74882173538208 991
1.812497615814209 1.7897920608520508 1001
1.8548767566680908 1.8634982109069824 1011
1.8763720989227295 1.8949971199035645 1021
2.0526468753814697 1.970207929611206 1031
2.0241713523864746 2.0755972862243652 1041
2.1030211448669434 2.070866584777832 1051
2.1348021030426025 2.107224702835083 1061
2.1558737754821777 2.1883158683776855 1071
2.315825939178467 2.24776291847229 1081
2.2758102416992188 2.371877670288086 1091
2.3814234733581543 2.354987621307373 1101
2.4285476207733154 2.4038984775543213 1111
2.4826581478118896 2.518646478652954 1121
2.7435662746429443 2.5822410583496094 1131
2.6382391452789307 2.637866735458374 1141
2.672576904296875 2.7179934978485107 1151
2.7730941772460938 2.69385027885437 1161
3.033623218536377 2.7147436141967773 1171
2.9704811573028564 2.9295406341552734 1181
3.191509246826172 3.1749584674835205 1191
3.213625907897949 3.5696654319763184 1201
3.3448305130004883 3.3773534297943115 1211
3.173269748687744 3.2807939052581787 1221
3.2616143226623535 3.4011807441711426 1231
3.3594281673431396 3.393578052520752 1241
3.469038963317871 3.457688331604004 1251
3.5793230533599854 3.6039299964904785 1261
3.5987250804901123 3.4679300785064697 1271
3.518603563308716 3.5664665699005127 1281
3.6043648719787598 3.6372783184051514 1291
3.71506929397583 3.7021048069000244 1301
3.742994785308838 3.809816360473633 1311
3.8197903633117676 3.8786323070526123 1321
3.90157151222229 3.9753737449645996 1331
4.047182083129883 4.057155132293701 1341
4.154894113540649 4.088072776794434 1351
4.296515703201294 4.288537263870239 1361
4.374308109283447 5.331747770309448 1371
4.51293683052063 4.718388557434082 1381
4.662537336349487 4.711406946182251 1391
4.523907661437988 4.766259670257568 1401
4.788200855255127 4.710408687591553 1411
4.7263665199279785 4.843054533004761 1421
4.90090012550354 4.967721700668335 1431
5.047508239746094 5.055487155914307 1441
5.054489374160767 5.084409475326538 1451
5.276894807815552 5.2190492153167725 1461
5.225033521652222 5.359673738479614 1471
5.374634027481079 5.414527177810669 1481
5.4893271923065186 5.592052221298218 1491
5.677822589874268 5.728687047958374 1501
5.861332654953003 6.004948854446411 1511
5.876292705535889 6.091716766357422 1521
6.0687782764434814 6.1186463832855225 1531
6.214389324188232 6.1944420337677 1541
6.32210111618042 6.419840335845947 1551
6.290186166763306 6.388922929763794 1561
6.580411195755005 6.60434627532959 1571
6.534533500671387 6.6621928215026855 1581
6.653216123580933 6.767909526824951 1591
7.234917640686035 7.827175617218018 1601
7.477607727050781 7.455984830856323 1611
7.464818239212036 8.014937162399292 1621
7.869276762008667 7.617374658584595 1631
7.711642742156982 7.836258172988892 1641
7.754880905151367 8.418781042098999 1651
8.437578201293945 8.213937282562256 1661
7.990110635757446 8.050391912460327 1671
8.106168985366821 8.28357481956482 1681
8.320659875869751 8.947755813598633 1691
8.921358823776245 8.586933851242065 1701
9.024668455123901 8.790887832641602 1711
9.043047666549683 9.195640563964844 1721
8.863422393798828 9.087620496749878 1731
9.25010371208191 9.187890529632568 1741
9.189812660217285 9.562625169754028 1751
9.472984075546265 9.560505390167236 1761
9.740686893463135 9.887708187103271 1771
9.87939453125 10.04792833328247 1781
10.128928184509277 10.288437128067017 1791
10.383421659469604 10.169528722763062 1801
10.299364805221558 11.482641458511353 1811
11.079330682754517 11.488620519638062 1821
11.22325086593628 11.233362913131714 1831
10.952377319335938 10.992959260940552 1841
11.229302406311035 11.233630418777466 1851
11.251358985900879 11.544938564300537 1861
11.880373239517212 11.871409177780151 1871
12.382141590118408 13.074830293655396 1881
13.114039659500122 12.173852682113647 1891
12.589969396591187 13.074434757232666 1901
12.958598852157593 12.801250457763672 1911
12.612289428710938 12.527037143707275 1921
12.697494268417358 12.887715339660645 1931
12.493600130081177 13.042944431304932 1941
13.351788997650146 13.669405460357666 1951
13.626602411270142 13.243149518966675 1961
13.783045053482056 13.696695327758789 1971
13.830154657363892 13.83987832069397 1981
14.206124305725098 14.538976669311523 1991
14.30967092514038 14.939736127853394 2001
