0.0049877166748046875 0.005983114242553711 1
0.0049877166748046875 0.005982398986816406 2
0.005983829498291016 0.005985260009765625 3
0.00498652458190918 0.00897669792175293 4
0.005984306335449219 0.004987478256225586 5
0.004986286163330078 0.003988027572631836 6
0.0059850215911865234 0.006981849670410156 7
0.005982160568237305 0.00598454475402832 8
0.004986763000488281 0.005984067916870117 9
0.005983591079711914 0.006981849670410156 10
0.005988121032714844 0.004984378814697266 11
0.005982637405395508 0.005984067916870117 12
0.004987955093383789 0.006980180740356445 13
0.0069811344146728516 0.00498509407043457 14
0.004986286163330078 0.006981849670410156 15
0.005984306335449219 0.004987239837646484 16
0.004986763000488281 0.004987478256225586 17
0.006982564926147461 0.00498652458190918 18
0.004986286163330078 0.005984067916870117 19
