0.0 0.0 1
0.0 0.0009958744049072266 11
0.0009975433349609375 0.0 21
0.0 0.000997304916381836 31
0.0 0.0009970664978027344 41
0.0009970664978027344 0.0 51
0.0009968280792236328 0.0 61
0.0009980201721191406 0.0009987354278564453 71
0.0009980201721191406 0.0009970664978027344 81
0.0019948482513427734 0.0009968280792236328 91
0.0019958019256591797 0.0019941329956054688 101
0.0009970664978027344 0.0019953250885009766 111
0.00299072265625 0.0019943714141845703 121
0.0019948482513427734 0.0029921531677246094 131
0.002991914749145508 0.001993894577026367 141
0.0019936561584472656 0.00399017333984375 151
0.003989696502685547 0.0029921531677246094 161
0.003989458084106445 0.003988981246948242 171
0.004985809326171875 0.003990650177001953 181
0.004986286163330078 0.00399017333984375 191
0.008976936340332031 0.005983829498291016 201
0.005984067916870117 0.004987001419067383 211
0.0059833526611328125 0.005984783172607422 221
0.006981372833251953 0.006981372833251953 231
0.006981372833251953 0.007979154586791992 241
0.007979154586791992 0.007979393005371094 251
0.006980180740356445 0.00797891616821289 261
0.008975982666015625 0.008976459503173828 271
0.009973287582397461 0.0109710693359375 281
0.010970592498779297 0.008975982666015625 291
0.011968374252319336 0.010970354080200195 301
0.011968135833740234 0.011967658996582031 311
0.012965917587280273 0.012964725494384766 321
0.013962745666503906 0.013962507247924805 331
0.01595783233642578 0.020943641662597656 341
0.01795172691345215 0.019947528839111328 351
0.016954898834228516 0.015957117080688477 361
0.018949508666992188 0.017951488494873047 371
0.018949270248413086 0.017952680587768555 381
0.0219419002532959 0.019947290420532227 391
0.021941423416137695 0.021449804306030273 401
0.02293848991394043 0.022939205169677734 411
0.024933338165283203 0.022938966751098633 421
0.025930166244506836 0.025931119918823242 431
0.02792525291442871 0.026927947998046875 441
0.028922319412231445 0.02792525291442871 451
0.031914472579956055 0.030917644500732422 461
0.03191518783569336 0.031914472579956055 471
0.03490710258483887 0.03390955924987793 481
0.034906864166259766 0.03490877151489258 491
0.036891937255859375 0.042885780334472656 501
0.03989362716674805 0.039893388748168945 511
0.043881893157958984 0.04288506507873535 521
0.04288601875305176 0.04388236999511719 531
0.04487967491149902 0.046395063400268555 541
0.047409772872924805 0.052858829498291016 551
0.04986691474914551 0.04937314987182617 561
0.051860809326171875 0.05086469650268555 571
0.05385541915893555 0.05285906791687012 581
0.057847023010253906 0.06981348991394043 591
0.05961346626281738 0.05784440040588379 601
0.061834096908569336 0.060837745666503906 611
0.06482720375061035 0.06582450866699219 621
0.06780600547790527 0.12067723274230957 631
0.07081079483032227 0.06781816482543945 641
0.07280540466308594 0.0747995376586914 651
0.0827784538269043 0.07879257202148438 661
0.08577084541320801 0.08078360557556152 671
0.08477330207824707 0.08377599716186523 681
0.08577084541320801 0.09031200408935547 691
0.0937490463256836 0.08676815032958984 701
0.10272502899169922 0.09075760841369629 711
0.09486889839172363 0.09474682807922363 721
0.0967409610748291 0.09873604774475098 731
0.09999823570251465 0.10099482536315918 741
0.1075129508972168 0.10384583473205566 751
0.10870957374572754 0.10870885848999023 761
0.11569094657897949 0.11070418357849121 771
0.11369585990905762 0.11469364166259766 781
0.16916513442993164 0.11974215507507324 791
0.12466645240783691 0.1216742992401123 801
0.12818074226379395 0.12576580047607422 811
0.1376326084136963 0.13364243507385254 821
0.14860177040100098 0.14423608779907227 831
0.14760470390319824 0.14960026741027832 841
0.15171003341674805 0.16338038444519043 851
0.14959955215454102 0.16655421257019043 861
0.15929532051086426 0.15658187866210938 871
0.16107583045959473 0.165557861328125 881
0.16356205940246582 0.16755247116088867 891
0.18006587028503418 0.16954636573791504 901
0.17603635787963867 0.17938518524169922 911
0.19012975692749023 0.19501757621765137 921
0.1874985694885254 0.19498515129089355 931
0.1959247589111328 0.19275212287902832 941
0.20282459259033203 0.20346641540527344 951
0.20943999290466309 0.20495820045471191 961
0.22140765190124512 0.2094407081604004 971
0.2293872833251953 0.22651195526123047 981
0.2241828441619873 0.2393648624420166 991
0.25531625747680664 0.27951955795288086 1001
