0.001995563507080078 0.0009965896606445312 101
0.001993894577026367 0.0009968280792236328 111
0.0019948482513427734 0.001993894577026367 121
0.001995563507080078 0.0019936561584472656 131
0.0019936561584472656 0.002991914749145508 141
0.002990245819091797 0.002991914749145508 151
0.0039904117584228516 0.002991199493408203 161
0.00498652458190918 0.002991914749145508 171
0.00797891616821289 0.003988981246948242 181
0.003987550735473633 0.004988431930541992 191
0.0069806575775146484 0.007979393005371094 201
0.004986763000488281 0.00498652458190918 211
0.005984306335449219 0.004986763000488281 221
0.006981372833251953 0.005983829498291016 231
0.006981611251831055 0.009973764419555664 241
0.009971380233764648 0.006981372833251953 251
0.00797891616821289 0.00848388671875 261
0.009974002838134766 0.008976221084594727 271
0.010969161987304688 0.0109710693359375 281
0.01196908950805664 0.013962268829345703 291
0.011968374252319336 0.010970354080200195 301
0.013962745666503906 0.011968374252319336 311
0.01595759391784668 0.016955852508544922 321
0.015957117080688477 0.01595759391784668 331
0.0219423770904541 0.02792501449584961 341
0.017952680587768555 0.020943641662597656 351
0.020943641662597656 0.020944595336914062 361
0.018949270248413086 0.01820683479309082 371
0.020943403244018555 0.01994633674621582 381
0.023935556411743164 0.025930404663085938 391
0.0249330997467041 0.022938251495361328 401
0.02393627166748047 0.028923511505126953 411
0.024932861328125 0.028922557830810547 421
0.025930166244506836 0.026927709579467773 431
0.03390955924987793 0.03191542625427246 441
0.029921531677246094 0.033908843994140625 451
0.032913923263549805 0.030917644500732422 461
0.0359039306640625 0.03690218925476074 471
0.0359039306640625 0.03490638732910156 481
0.03789782524108887 0.04587697982788086 491
0.03889584541320801 0.03789830207824707 501
0.041887760162353516 0.039893150329589844 511
0.041887521743774414 0.042885780334472656 521
0.0440371036529541 0.04388236999511719 531
0.04587817192077637 0.053855180740356445 541
0.04886960983276367 0.047872066497802734 551
0.05186152458190918 0.048868656158447266 561
0.054368019104003906 0.05921316146850586 571
0.05611014366149902 0.05512690544128418 581
0.05984044075012207 0.05784463882446289 591
0.07280397415161133 0.06482720375061035 601
0.06881976127624512 0.061834096908569336 611
0.07779240608215332 0.07081055641174316 621
0.06781840324401855 0.06682133674621582 631
0.0718080997467041 0.07280540466308594 641
0.07729935646057129 0.07380414009094238 651
0.07878971099853516 0.08178067207336426 661
0.07978653907775879 0.08477449417114258 671
0.08504891395568848 0.07978558540344238 681
0.08776473999023438 0.08876276016235352 691
0.08776497840881348 0.0937497615814209 701
0.10571694374084473 0.10623478889465332 711
0.10073041915893555 0.0937492847442627 721
0.10172748565673828 0.10870909690856934 731
0.10997962951660156 0.10372281074523926 741
0.11269974708557129 0.11569094657897949 751
0.12666082382202148 0.11967992782592773 761
0.11568999290466309 0.11170148849487305 771
0.1309213638305664 0.11819195747375488 781
0.12566328048706055 0.12466692924499512 791
0.1316509246826172 0.13315224647521973 801
0.1326441764831543 0.13563776016235352 811
0.1424558162689209 0.15159392356872559 821
0.14959979057312012 0.14561057090759277 831
0.1515965461730957 0.14661073684692383 841
0.15558409690856934 0.1545865535736084 851
0.15957260131835938 0.15462517738342285 861
0.16156768798828125 0.16456079483032227 871
0.16832637786865234 0.1680591106414795 881
0.17853641510009766 0.20644831657409668 891
0.18151497840881348 0.1735363006591797 901
0.18205595016479492 0.1814570426940918 911
0.20046448707580566 0.18849635124206543 921
0.18650126457214355 0.1874983310699463 931
0.19101643562316895 0.1900770664215088 941
0.19824790954589844 0.20097017288208008 951
0.22938990592956543 0.2283926010131836 961
0.21442651748657227 0.2234055995941162 971
0.21782636642456055 0.23138165473937988 981
0.23038911819458008 0.23276710510253906 991
0.24933242797851562 0.23437714576721191 1001
