0.04487967491149902 0.047872066497802734 1
0.041887760162353516 0.04488062858581543 2
0.05285763740539551 0.0688164234161377 3
0.04487943649291992 0.043883323669433594 4
0.049866437911987305 0.05086374282836914 5
0.05086326599121094 0.04487919807434082 6
0.04487967491149902 0.04488205909729004 7
0.044879913330078125 0.04388284683227539 8
0.042883872985839844 0.05236673355102539 9
0.045877695083618164 0.04487967491149902 10
0.04388236999511719 0.043390512466430664 11
0.04886937141418457 0.047872066497802734 12
0.04388236999511719 0.04787278175354004 13
0.05086374282836914 0.043882131576538086 14
0.04388236999511719 0.04587745666503906 15
0.053854942321777344 0.08178138732910156 16
0.04388308525085449 0.05385565757751465 17
0.04288530349731445 0.042888641357421875 18
0.049866437911987305 0.043881893157958984 19
0.04239368438720703 0.04986691474914551 20
0.044879913330078125 0.04587697982788086 21
0.04488086700439453 0.04587721824645996 22
0.043883323669433594 0.043881893157958984 23
0.04388236999511719 0.04388284683227539 24
0.04388284683227539 0.052858829498291016 25
0.08078479766845703 0.058844566345214844 26
0.04787087440490723 0.04488039016723633 27
0.0498661994934082 0.046875 28
0.04288482666015625 0.05285930633544922 29
0.049866676330566406 0.04488015174865723 30
0.042885541915893555 0.049866437911987305 31
0.10970735549926758 0.058843135833740234 32
0.05485224723815918 0.045877933502197266 33
0.04288506507873535 0.043883323669433594 34
0.05385613441467285 0.04538416862487793 35
0.045877933502197266 0.045876264572143555 36
0.04538583755493164 0.05186104774475098 37
0.043881893157958984 0.05186104774475098 38
0.04388308525085449 0.04438900947570801 39
0.08377456665039062 0.06582450866699219 40
0.045876264572143555 0.047872066497802734 41
0.056377410888671875 0.05485367774963379 42
0.05086874961853027 0.05237102508544922 43
0.04488110542297363 0.04587888717651367 44
0.04587697982788086 0.04488062858581543 45
0.07370758056640625 0.049866437911987305 46
0.046874284744262695 0.04587721824645996 47
0.04541516304016113 0.0937504768371582 48
0.04388141632080078 0.04587841033935547 49
0.05585050582885742 0.044791221618652344 50
0.05186200141906738 0.05485248565673828 51
0.04640030860900879 0.04886746406555176 52
0.05385637283325195 0.06382942199707031 53
0.10870909690856934 0.10372376441955566 54
0.047872304916381836 0.04359841346740723 55
0.04388260841369629 0.04587697982788086 56
0.0498659610748291 0.046875 57
0.09374833106994629 0.0468752384185791 58
0.04886960983276367 0.04388260841369629 59
0.04986691474914551 0.04488182067871094 60
0.0578455924987793 0.053855180740356445 61
0.05585193634033203 0.04588007926940918 62
0.04886960983276367 0.05186104774475098 63
0.05137014389038086 0.042885780334472656 64
0.043882131576538086 0.05485367774963379 65
0.043882131576538086 0.05229759216308594 66
0.04886937141418457 0.05186152458190918 67
0.048868656158447266 0.04488015174865723 68
0.04488086700439453 0.0438847541809082 69
0.0498659610748291 0.043883323669433594 70
0.04488372802734375 0.05186128616333008 71
0.04288434982299805 0.04488039016723633 72
0.046874046325683594 0.045386314392089844 73
0.04886937141418457 0.04288530349731445 74
0.04587531089782715 0.046874046325683594 75
0.04886889457702637 0.04388236999511719 76
0.04388284683227539 0.04388260841369629 77
0.052858829498291016 0.04339146614074707 78
0.048868656158447266 0.05285978317260742 79
0.04787135124206543 0.05884289741516113 80
0.04188704490661621 0.04288625717163086 81
0.047872066497802734 0.04587864875793457 82
0.05678129196166992 0.0468754768371582 83
0.04886937141418457 0.059841156005859375 84
0.04886889457702637 0.047148704528808594 85
0.04887104034423828 0.061833858489990234 86
0.05208539962768555 0.057845115661621094 87
0.049866676330566406 0.04986715316772461 88
0.07380318641662598 0.046874284744262695 89
0.0498659610748291 0.04687857627868652 90
0.044879913330078125 0.05385613441467285 91
0.04720163345336914 0.04488015174865723 92
0.045877933502197266 0.05385565757751465 93
0.04787254333496094 0.05186104774475098 94
0.045876502990722656 0.05385732650756836 95
0.04487895965576172 0.046875953674316406 96
0.051862239837646484 0.04588007926940918 97
0.0747995376586914 0.056847333908081055 98
0.04587841033935547 0.04787111282348633 99
0.049253225326538086 0.04587745666503906 100
0.04687619209289551 0.056847333908081055 101
0.04288482666015625 0.051369667053222656 102
0.04787278175354004 0.04687380790710449 103
0.04587674140930176 0.046875715255737305 104
0.05285787582397461 0.04538559913635254 105
0.04188895225524902 0.043881893157958984 106
0.047872304916381836 0.05884265899658203 107
0.05385637283325195 0.055849552154541016 108
0.13364243507385254 0.06781935691833496 109
0.04986715316772461 0.05037403106689453 110
0.046875715255737305 0.055849313735961914 111
0.045876264572143555 0.04339170455932617 112
0.04288506507873535 0.042885541915893555 113
0.04339146614074707 0.04188728332519531 114
0.04188728332519531 0.04388260841369629 115
0.0468747615814209 0.04488039016723633 116
0.04288506507873535 0.04339027404785156 117
0.042883872985839844 0.04188871383666992 118
0.04188799858093262 0.0438838005065918 119
0.04188799858093262 0.043390512466430664 120
0.04886913299560547 0.05485343933105469 121
0.04388236999511719 0.05086398124694824 122
0.0468745231628418 0.043883323669433594 123
0.04188823699951172 0.042885541915893555 124
0.04188680648803711 0.05186200141906738 125
0.04487895965576172 0.04487967491149902 126
0.048868656158447266 0.0438838005065918 127
0.048868417739868164 0.041887760162353516 128
0.044879913330078125 0.04188799858093262 129
0.04089069366455078 0.04288482666015625 130
0.0498661994934082 0.042885780334472656 131
0.04188823699951172 0.042885780334472656 132
0.043881893157958984 0.04388284683227539 133
0.04188799858093262 0.049866676330566406 134
0.04388284683227539 0.04288506507873535 135
0.04587745666503906 0.04388284683227539 136
0.044878482818603516 0.04188799858093262 137
0.041887521743774414 0.04188799858093262 138
0.04388308525085449 0.046875 139
0.04188847541809082 0.04488015174865723 140
0.04487943649291992 0.04188847541809082 141
0.04587721824645996 0.04587721824645996 142
0.04388236999511719 0.04188799858093262 143
0.04288506507873535 0.04188799858093262 144
0.04388284683227539 0.046874284744262695 145
0.04188728332519531 0.04288625717163086 146
0.04388260841369629 0.04288530349731445 147
0.04288458824157715 0.042885780334472656 148
0.05086469650268555 0.04288506507873535 149
0.04288434982299805 0.042885541915893555 150
0.045876502990722656 0.04288601875305176 151
0.04288506507873535 0.045877695083618164 152
0.04288506507873535 0.04288458824157715 153
0.04288506507873535 0.04388236999511719 154
0.044879913330078125 0.04388284683227539 155
0.04288506507873535 0.04288506507873535 156
0.04388236999511719 0.04388260841369629 157
0.04587697982788086 0.04886937141418457 158
0.04288601875305176 0.04288458824157715 159
0.041887760162353516 0.04288506507873535 160
0.04488039016723633 0.04886817932128906 161
0.04188871383666992 0.043882131576538086 162
0.04587745666503906 0.04288506507873535 163
0.06283164024353027 0.04886913299560547 164
0.04886913299560547 0.0468745231628418 165
0.05037093162536621 0.04587817192077637 166
0.05186128616333008 0.04886913299560547 167
0.044270992279052734 0.05585145950317383 168
0.04787087440490723 0.043883323669433594 169
0.044388532638549805 0.04986715316772461 170
0.053856611251831055 0.051862478256225586 171
0.04438924789428711 0.04587578773498535 172
0.0468745231628418 0.04837679862976074 173
0.047872304916381836 0.04488039016723633 174
0.0498661994934082 0.04787182807922363 175
0.049866676330566406 0.07679438591003418 176
0.04487967491149902 0.04618692398071289 177
0.05984067916870117 0.06283211708068848 178
0.04587817192077637 0.05336499214172363 179
0.04886889457702637 0.055850982666015625 180
0.05784463882446289 0.056848764419555664 181
0.04587697982788086 0.043883323669433594 182
0.048871517181396484 0.04288506507873535 183
0.04487967491149902 0.04986715316772461 184
0.05285906791687012 0.04587721824645996 185
0.05086326599121094 0.04986715316772461 186
0.0468752384185791 0.046874046325683594 187
0.04388260841369629 0.04587745666503906 188
0.0468752384185791 0.06283164024353027 189
0.04687309265136719 0.047872066497802734 190
0.04886937141418457 0.04587721824645996 191
0.04388165473937988 0.044965505599975586 192
0.04587697982788086 0.047872066497802734 193
0.04541373252868652 0.04487895965576172 194
0.04787182807922363 0.045877695083618164 195
0.04787158966064453 0.04388260841369629 196
0.04587721824645996 0.04986691474914551 197
0.04886889457702637 0.05150413513183594 198
0.046874284744262695 0.04487967491149902 199
